-9.939999999999999947e-01 0.000000000000000000e+00 0.000000000000000000e+00 0.000000000000000000e+00 0.000000000000000000e+00 -1.023199999999999932e+01
-5.099999999999999672e-02 0.000000000000000000e+00 0.000000000000000000e+00 0.000000000000000000e+00 0.000000000000000000e+00 -1.023199999999999932e+01
8.930000000000000160e-01 0.000000000000000000e+00 0.000000000000000000e+00 0.000000000000000000e+00 0.000000000000000000e+00 -1.023199999999999932e+01
1.836000000000000076e+00 0.000000000000000000e+00 0.000000000000000000e+00 0.000000000000000000e+00 0.000000000000000000e+00 -1.023199999999999932e+01
2.779999999999999805e+00 0.000000000000000000e+00 0.000000000000000000e+00 0.000000000000000000e+00 0.000000000000000000e+00 -1.023199999999999932e+01
3.722999999999999865e+00 0.000000000000000000e+00 0.000000000000000000e+00 0.000000000000000000e+00 0.000000000000000000e+00 -1.023199999999999932e+01
1.082000000000000073e+00 -1.094999999999999929e+01 1.094999999999999929e+01 0.000000000000000000e+00 0.000000000000000000e+00 -1.023199999999999932e+01
1.082000000000000073e+00 -7.628999999999999559e+00 7.628999999999999559e+00 0.000000000000000000e+00 0.000000000000000000e+00 -1.023199999999999932e+01
1.082000000000000073e+00 -4.307999999999999829e+00 4.307999999999999829e+00 0.000000000000000000e+00 0.000000000000000000e+00 -1.023199999999999932e+01
1.082000000000000073e+00 -9.869999999999999885e-01 9.869999999999999885e-01 0.000000000000000000e+00 0.000000000000000000e+00 -1.023199999999999932e+01
1.082000000000000073e+00 2.334000000000000075e+00 -2.334000000000000075e+00 0.000000000000000000e+00 0.000000000000000000e+00 -1.023199999999999932e+01
1.082000000000000073e+00 5.655000000000000249e+00 -5.655000000000000249e+00 0.000000000000000000e+00 0.000000000000000000e+00 -1.023199999999999932e+01
1.082000000000000073e+00 0.000000000000000000e+00 -5.724000000000000199e+00 0.000000000000000000e+00 0.000000000000000000e+00 -1.023199999999999932e+01
1.082000000000000073e+00 0.000000000000000000e+00 -3.392999999999999794e+00 0.000000000000000000e+00 0.000000000000000000e+00 -1.023199999999999932e+01
1.082000000000000073e+00 0.000000000000000000e+00 -1.062000000000000055e+00 0.000000000000000000e+00 0.000000000000000000e+00 -1.023199999999999932e+01
1.082000000000000073e+00 0.000000000000000000e+00 1.268999999999999906e+00 0.000000000000000000e+00 0.000000000000000000e+00 -1.023199999999999932e+01
1.082000000000000073e+00 0.000000000000000000e+00 3.600000000000000089e+00 0.000000000000000000e+00 0.000000000000000000e+00 -1.023199999999999932e+01
1.082000000000000073e+00 0.000000000000000000e+00 5.931000000000000050e+00 0.000000000000000000e+00 0.000000000000000000e+00 -1.023199999999999932e+01
1.082000000000000073e+00 0.000000000000000000e+00 0.000000000000000000e+00 -5.486399999999999721e+01 0.000000000000000000e+00 -1.023199999999999932e+01
1.082000000000000073e+00 0.000000000000000000e+00 0.000000000000000000e+00 5.852999999999999758e+00 0.000000000000000000e+00 -1.023199999999999932e+01
1.082000000000000073e+00 0.000000000000000000e+00 0.000000000000000000e+00 6.657099999999999795e+01 0.000000000000000000e+00 -1.023199999999999932e+01
1.082000000000000073e+00 0.000000000000000000e+00 0.000000000000000000e+00 1.272879999999999967e+02 0.000000000000000000e+00 -1.023199999999999932e+01
1.082000000000000073e+00 0.000000000000000000e+00 0.000000000000000000e+00 1.880060000000000002e+02 0.000000000000000000e+00 -1.023199999999999932e+01
1.082000000000000073e+00 0.000000000000000000e+00 0.000000000000000000e+00 2.487230000000000132e+02 0.000000000000000000e+00 -1.023199999999999932e+01
1.082000000000000073e+00 0.000000000000000000e+00 0.000000000000000000e+00 0.000000000000000000e+00 -2.505600000000000094e+01 -1.023199999999999932e+01
1.082000000000000073e+00 0.000000000000000000e+00 0.000000000000000000e+00 0.000000000000000000e+00 -1.062700000000000067e+01 -1.023199999999999932e+01
1.082000000000000073e+00 0.000000000000000000e+00 0.000000000000000000e+00 0.000000000000000000e+00 3.802000000000000046e+00 -1.023199999999999932e+01
1.082000000000000073e+00 0.000000000000000000e+00 0.000000000000000000e+00 0.000000000000000000e+00 1.823000000000000043e+01 -1.023199999999999932e+01
1.082000000000000073e+00 0.000000000000000000e+00 0.000000000000000000e+00 0.000000000000000000e+00 3.265899999999999892e+01 -1.023199999999999932e+01
1.082000000000000073e+00 0.000000000000000000e+00 0.000000000000000000e+00 0.000000000000000000e+00 4.708800000000000097e+01 -1.023199999999999932e+01
1.082000000000000073e+00 0.000000000000000000e+00 0.000000000000000000e+00 0.000000000000000000e+00 0.000000000000000000e+00 -2.450499999999999901e+01
1.082000000000000073e+00 0.000000000000000000e+00 0.000000000000000000e+00 0.000000000000000000e+00 0.000000000000000000e+00 2.406899999999999906e+01
1.082000000000000073e+00 0.000000000000000000e+00 0.000000000000000000e+00 0.000000000000000000e+00 0.000000000000000000e+00 7.264199999999999591e+01
1.082000000000000073e+00 0.000000000000000000e+00 0.000000000000000000e+00 0.000000000000000000e+00 0.000000000000000000e+00 1.212159999999999940e+02
1.082000000000000073e+00 0.000000000000000000e+00 0.000000000000000000e+00 0.000000000000000000e+00 0.000000000000000000e+00 1.697899999999999920e+02
1.082000000000000073e+00 0.000000000000000000e+00 0.000000000000000000e+00 0.000000000000000000e+00 0.000000000000000000e+00 2.183640000000000043e+02
