67.910	860.01	6.6570	-9.041	18.055	-327.1
68.147	860.14	1.7739	-9.065	18.035	-327.0
67.910	860.25	5.7129	-9.050	18.036	-327.1
68.134	860.08	0.5540	-9.003	18.020	-327.0
68.279	859.79	0.7920	-9.012	17.996	-326.9
67.519	858.50	9.2110	-9.003	18.121	-327.0
64.738	833.40	-212.1	-8.319	-86.33	-313.4
64.822	847.13	-153.4	-8.725	-57.19	-320.2
65.402	855.65	-88.96	-8.942	-27.59	-324.9
64.869	858.76	-19.82	-8.975	2.4260	-327.2
64.333	858.59	30.427	-8.947	32.199	-326.8
62.429	851.94	97.609	-8.607	62.044	-324.2
62.653	850.83	119.47	-8.573	67.354	-324.0
66.652	855.92	61.715	-8.743	46.735	-325.9
68.280	859.05	19.190	-8.969	25.999	-327.2
69.125	859.26	-24.62	-8.972	5.2740	-327.2
69.263	857.77	-65.64	-8.965	-15.47	-326.2
68.042	851.80	-109.3	-8.864	-36.02	-323.7
64.466	856.52	13.219	-8.923	18.293	-326.6
-682.1	-268.5	3.7449	26.779	-4.943	217.96
593.04	216.01	7.2189	11.467	34.738	-15.77
-717.4	570.27	7.7449	1.3960	-6.593	-180.5
123.26	-485.9	15.630	33.737	21.024	321.30
67.953	853.58	10.404	-8.951	18.243	-325.
2.4189	633.95	565.46	0.4619	272.57	-217.7
54.393	792.69	328.71	-6.409	162.55	-296.4
74.096	855.94	34.170	-8.958	26.403	-327.2
59.405	815.31	-268.9	-7.697	-112.8	-304.8
22.633	671.21	-506.5	-2.836	-231.1	-232.8
-40.46	443.30	-645.8	4.3289	-309.6	-122.1
62.909	858.21	14.257	-8.975	18.208	-326.9
-683.6	-271.2	10.463	26.834	-4.526	218.28
588.65	214.28	11.019	11.565	35.474	-15.57
-721.5	569.88	13.319	1.2869	-6.444	-180.7
122.44	-488.8	16.646	33.642	21.479	321.34
65.785	854.63	9.2390	-8.968	18.240	-325.9
