-63.17	395.06	-18.36	6.9939	12.173	-33.86
-63.79	393.26	-13.00	7.0179	12.314	-33.74
-63.04	395.93	-18.70	6.8839	12.053	-34.09
-63.44	394.80	-4.529	7.0159	12.223	-34.37
-63.06	396.32	-14.77	6.9499	12.073	-34.23
-63.00	394.51	-17.18	7.0079	12.220	-33.85
-65.29	384.37	-68.71	7.2709	0.3280	-32.54
-63.43	389.28	-65.57	7.1149	3.6589	-33.05
-63.73	393.38	-33.59	7.0299	6.9260	-34.10
-62.99	394.01	-26.87	6.9539	10.410	-33.90
-63.27	396.26	0.5939	6.9079	13.680	-34.38
-64.66	392.16	24.076	7.0799	17.314	-33.70
-63.55	392.56	16.340	7.1250	17.818	-33.55
-63.05	393.76	3.7579	7.0039	15.489	-33.83
-63.79	393.86	7.3239	6.9400	13.217	-34.33
-62.77	393.59	-23.55	6.9910	10.793	-33.87
-63.47	393.18	-18.31	6.9489	8.4390	-34.29
-63.55	390.92	-48.55	7.0289	6.1139	-33.46
-64.20	393.17	2.8889	7.0019	12.310	-34.33
99.125	190.74	3.4769	12.755	16.959	1.0279
-308.2	299.25	-4.057	9.9039	5.2719	-17.39
-44.99	-28.62	-6.781	19.138	13.116	39.975
-63.38	392.62	0.0889	6.9429	12.189	-34.40
-63.77	393.78	0.3750	6.9519	12.184	-34.46
-84.20	323.80	169.77	9.0710	41.231	-21.91
-68.49	376.16	88.147	7.6160	28.580	-30.96
-62.47	394.19	-6.238	6.9860	13.164	-34.07
-65.38	380.62	-86.58	7.3410	-2.934	-31.98
-78.18	330.76	-156.6	8.6539	-16.63	-23.51
-96.63	260.85	-225.4	10.734	-26.29	-10.66
-64.00	394.90	-7.991	6.8990	12.097	-34.41
-295.0	42.609	-1.921	17.107	5.5980	27.708
97.971	190.49	-12.67	12.713	17.022	1.3639
-306.1	298.16	-15.17	9.7789	5.1779	-17.31
-43.79	-28.23	-11.62	19.063	12.993	39.785
-63.26	392.80	1.4249	6.9320	12.218	-34.45
